01 11 00 01 01 01 00 02 10 02 10 02 00 01 01 00 02 02 10 10 10 01 02 10 01 02 02 02 01 10 02 02 01 00 01 10 10 10 02 10 02 10 02 10 02 10 01 01 10 10 01 01 00 01 01 00 01 10 01 01 00 10 01 01 10 10 10 01 10 01 02 02 10 01 10 10 10 01 10 11 
01 02 01 10 02 02 10 01 01 10 01 01 00 02 02 02 02 01 02 01 02 10 02 10 01 01 10 01 10 02 02 10 10 00 01 02 01 00 01 01 00 02 01 10 01 02 10 02 01 02 10 01 00 00 02 00 01 02 10 02 02 01 10 01 02 10 10 01 01 10 01 01 01 10 10 02 01 02 10 10 
00 10 10 10 10 10 01 01 01 10 10 01 01 10 10 10 02 02 02 02 02 02 02 02 02 02 02 10 01 01 10 01 02 10 01 10 10 00 01 01 10 02 01 02 10 01 01 02 01 02 02 02 02 10 01 10 10 02 10 01 00 10 10 10 01 10 02 02 02 02 02 10 02 02 02 00 02 02 01 10 
02 10 01 02 01 01 10 01 02 10 10 01 01 10 00 01 02 01 01 10 10 01 10 01 00 02 02 01 02 02 02 02 01 10 10 01 02 01 02 02 02 10 02 01 10 00 21 10 00 01 01 01 00 02 01 02 10 02 10 02 01 00 00 10 02 10 10 02 10 01 02 02 02 10 10 02 01 01 01 10 
01 10 10 02 01 01 10 01 01 01 01 10 01 10 01 01 01 02 02 00 10 10 02 02 02 02 01 02 02 10 02 01 10 12 10 02 01 10 10 02 10 10 02 01 00 02 10 00 02 11 02 01 01 02 10 01 01 02 01 10 10 10 01 02 01 10 10 10 01 10 01 02 01 02 01 02 00 02 02 02 
10 02 02 01 10 02 01 02 01 10 01 01 10 00 02 01 10 01 01 10 10 02 02 02 01 00 01 01 10 01 01 02 10 01 00 01 10 01 01 02 01 01 02 10 02 02 01 10 01 02 10 10 02 02 02 01 10 02 02 10 02 10 01 00 02 10 10 01 01 10 02 01 01 10 02 02 10 10 02 00 
01 10 02 01 10 02 10 02 01 01 00 01 01 01 01 01 02 10 01 01 01 01 10 01 10 10 10 02 00 01 01 02 02 02 01 01 10 02 01 02 10 00 01 01 01 10 10 01 10 10 10 02 01 01 02 10 02 10 01 02 01 01 01 01 10 10 02 01 01 02 02 01 01 02 01 02 02 10 10 01 
01 02 01 10 01 01 02 10 02 02 10 02 02 01 10 01 10 01 02 10 02 10 01 01 10 01 01 00 02 02 01 01 00 10 10 01 01 02 01 10 01 02 10 10 02 10 10 01 01 01 10 10 01 01 02 10 01 01 10 10 10 02 10 10 02 02 02 00 01 10 21 01 10 02 02 01 02 01 02 02 
10 01 10 02 01 10 02 10 01 02 10 01 01 10 01 10 00 00 02 10 01 10 10 10 00 02 01 10 01 01 01 02 02 02 10 10 10 10 00 01 02 00 01 10 10 02 10 02 02 02 10 01 02 01 01 10 02 00 01 10 10 01 02 01 01 02 10 02 00 02 02 01 02 02 10 10 21 00 10 00 
02 01 10 10 01 10 10 02 01 01 01 01 02 02 02 02 10 01 10 10 10 00 01 10 02 02 02 02 02 02 02 02 02 02 02 02 02 02 02 02 02 02 02 01 01 10 10 02 01 01 01 02 01 10 10 02 00 01 01 10 02 02 01 01 01 01 10 01 01 02 10 01 02 01 10 10 01 02 10 01 
01 02 00 01 01 10 10 01 01 01 00 02 00 01 02 10 02 02 12 01 10 01 01 00 02 02 11 00 00 02 02 10 10 02 02 02 02 01 10 10 01 02 02 02 01 02 02 02 01 02 02 10 02 01 00 10 00 02 01 01 00 00 10 02 10 10 11 10 02 02 01 01 01 02 01 01 10 10 02 01 
01 01 01 02 10 01 02 01 01 10 00 02 10 00 01 02 10 02 02 10 01 02 02 02 02 01 02 10 10 01 10 02 10 02 01 01 02 10 02 02 10 02 02 02 10 02 01 02 02 10 02 01 02 10 02 02 02 02 02 10 02 01 02 10 10 02 10 01 01 01 02 10 01 10 01 02 01 02 01 02 
02 10 01 10 02 02 01 02 10 02 02 02 10 01 02 02 02 10 01 00 01 00 01 01 02 02 10 01 01 02 02 01 02 00 01 10 00 01 02 00 01 02 02 01 02 10 02 10 10 00 10 00 10 02 01 02 01 10 01 01 02 02 01 12 10 02 21 10 01 02 01 01 02 10 02 10 10 10 10 02 
10 02 00 10 02 10 01 01 01 01 01 01 01 10 02 02 10 02 01 10 10 02 10 01 02 00 10 02 02 01 02 02 01 02 02 01 10 10 02 10 10 01 02 02 01 10 00 00 02 01 10 01 00 02 02 01 01 10 10 02 10 10 01 01 02 01 01 11 02 10 10 01 01 02 01 00 01 00 10 10 
10 01 01 00 01 00 02 01 01 01 02 00 01 02 02 01 02 01 01 02 10 01 10 10 02 10 02 02 02 01 01 02 10 10 01 10 01 02 02 10 10 02 02 02 01 02 02 02 02 01 00 10 01 01 02 10 00 01 01 10 02 01 10 10 01 01 10 10 01 02 10 02 02 10 02 01 02 01 10 10 
10 01 01 01 10 01 02 01 02 10 02 00 01 02 10 01 01 01 01 00 02 10 02 01 02 10 01 10 e5 01 01 02 01 10 01 02 02 01 10 00 01 01 02 02 02 01 10 00 02 02 02 02 10 02 10 10 00 02 10 01 10 01 10 02 01 10 10 10 01 10 02 01 02 01 01 02 02 02 10 02 
02 10 02 10 10 02 10 01 10 10 00 02 10 10 10 00 10 02 01 21 01 02 01 00 02 02 10 e5 e5 e5 e5 01 01 10 02 02 02 02 02 01 02 01 02 01 02 01 02 01 01 10 01 10 00 01 10 01 10 01 10 10 10 01 10 10 10 10 10 01 02 10 01 01 01 02 01 01 02 01 10 01 
02 10 02 10 10 02 10 01 02 02 12 02 02 01 10 02 10 02 10 02 01 02 00 01 02 e5 e5 e5 e5 e5 e5 01 02 10 e5 00 00 00 10 02 10 02 e5 02 02 02 10 10 01 02 02 01 01 01 01 02 02 02 02 02 02 00 01 01 02 02 10 02 01 01 02 01 10 02 00 10 01 01 01 10 
10 02 10 01 10 02 01 10 10 01 01 10 02 10 10 10 02 01 10 10 02 10 02 01 02 02 01 e5 e5 e5 e5 02 02 01 e5 02 02 02 02 02 02 02 02 02 00 01 11 10 01 00 10 02 10 10 10 10 01 00 01 02 10 01 10 01 02 01 10 10 02 10 10 02 01 02 01 00 01 10 01 00 
00 00 10 10 02 00 01 02 10 01 10 10 02 01 02 02 02 10 02 01 10 00 02 02 02 02 01 e5 e5 e5 e5 01 01 01 e5 e5 e5 e5 e5 e5 e5 e6 e5 e5 e5 e5 e5 e5 01 10 00 10 10 10 00 10 01 02 02 01 01 12 10 01 02 10 10 10 01 01 10 01 10 01 10 01 02 10 02 01 
00 10 00 10 00 10 10 10 01 01 02 10 01 02 02 02 00 10 02 10 02 02 10 00 02 02 10 e5 e5 e5 e5 e5 e5 e5 e5 e5 e5 01 01 10 e5 e5 02 e5 10 e5 e5 02 02 01 02 02 02 10 01 01 02 10 02 02 10 10 10 01 01 01 10 10 00 01 01 00 10 02 02 01 10 01 10 01 
01 10 02 02 01 02 10 02 01 01 01 02 01 02 01 02 01 02 10 10 02 01 02 10 02 02 02 00 00 10 02 02 01 02 e5 02 01 02 01 00 10 10 02 01 02 01 02 10 10 01 02 10 02 02 01 02 02 01 10 02 01 02 01 01 01 10 02 02 01 02 02 10 02 02 10 01 10 01 02 01 
02 00 10 02 02 01 10 02 01 01 10 10 02 10 10 02 02 10 10 01 01 01 01 02 02 02 01 02 10 10 10 e5 02 10 e5 e5 e5 e5 e5 e5 e6 e5 e5 e5 e5 e5 e5 e6 01 02 10 01 02 02 02 00 00 10 02 02 02 02 02 00 02 01 01 10 10 02 10 02 02 10 01 02 10 02 01 01 
01 10 01 02 10 00 02 10 10 10 00 10 00 10 02 01 02 10 01 10 01 10 10 10 02 02 02 10 01 10 02 02 00 02 e5 02 01 01 01 10 10 02 02 10 02 02 02 10 01 01 01 01 10 01 01 10 02 01 01 10 12 10 10 10 01 01 01 10 10 10 10 01 02 02 01 01 10 01 10 10 
10 00 02 01 02 11 01 01 00 02 02 02 02 10 10 01 10 02 01 10 02 00 10 10 02 02 02 02 02 02 02 10 02 01 e5 02 02 10 02 00 00 00 01 02 10 10 00 68 69 69 69 69 6a 02 02 02 01 10 10 01 01 02 02 02 02 02 10 10 01 10 02 00 02 02 10 10 00 10 02 02 
02 01 10 01 10 10 01 10 10 10 10 12 10 02 01 02 10 02 12 01 10 10 10 02 02 02 02 02 e5 e5 02 02 02 02 e5 02 02 02 01 01 10 01 00 02 02 10 10 78 89 89 89 89 8a 01 10 01 02 02 02 01 02 02 02 10 01 02 10 01 02 02 01 02 21 01 01 02 02 10 02 10 
10 01 10 10 02 01 01 10 01 02 01 10 02 02 10 02 01 02 10 e5 01 02 01 02 01 10 02 10 e5 e5 02 12 01 01 e5 10 01 10 10 01 01 10 02 02 02 02 10 88 89 89 89 89 8a 01 01 10 12 10 02 10 01 00 01 10 10 10 02 00 02 02 01 10 02 02 10 01 10 02 00 02 
10 10 10 01 02 00 10 10 01 00 02 01 00 01 01 02 01 02 02 00 10 10 01 02 10 01 01 10 e5 e5 10 02 10 01 e5 02 01 10 01 10 01 02 02 02 02 01 01 78 89 89 89 89 8a 01 02 02 00 10 00 01 01 01 01 00 10 10 10 01 10 02 10 02 02 01 10 12 02 01 01 10 
02 02 02 02 02 02 01 01 02 01 01 10 10 10 01 11 01 02 10 02 01 01 10 01 01 02 10 02 e5 e5 10 02 02 10 e5 01 02 10 01 01 00 02 10 10 02 10 10 88 89 89 89 89 8a 10 02 10 10 01 10 10 01 10 02 02 01 00 01 10 02 10 02 10 01 02 02 01 02 02 01 02 
10 01 02 10 01 10 01 01 01 10 02 00 02 01 01 10 10 01 10 10 02 01 01 10 10 10 10 00 e5 e5 10 10 10 10 01 10 02 02 21 00 10 10 02 01 02 02 10 78 89 89 b9 99 9a 02 01 01 02 10 10 01 10 01 10 10 10 10 02 02 10 02 02 10 10 10 01 02 02 02 02 10 
10 02 01 01 00 10 10 02 00 10 02 02 01 01 02 10 01 02 01 02 10 10 10 01 00 02 02 10 10 01 10 02 00 01 00 01 10 10 02 01 01 02 10 01 10 01 00 88 89 89 8a 10 01 01 01 02 10 02 02 02 02 10 02 01 10 01 02 01 01 10 01 10 02 01 10 01 10 02 10 01 
02 01 10 10 01 e5 00 02 01 02 02 01 02 02 01 10 02 10 02 10 10 02 10 02 10 10 01 10 10 10 01 02 10 02 02 01 00 01 10 02 01 10 10 01 10 02 00 98 99 99 9a 10 10 00 01 01 01 00 01 01 02 01 00 10 01 10 01 00 10 10 02 02 02 01 01 01 02 02 10 02 
02 10 00 02 02 01 01 02 02 01 00 10 02 21 10 02 10 10 10 02 10 02 10 10 01 10 01 10 01 02 02 00 02 01 00 10 02 02 10 10 01 01 10 10 10 01 01 01 01 02 01 01 10 00 01 01 01 01 10 01 10 00 02 02 00 21 00 10 01 01 00 01 10 02 02 01 10 10 01 10 
02 02 10 02 01 01 10 10 10 10 01 02 02 02 01 02 00 10 02 02 01 10 02 00 01 10 01 02 01 10 00 01 00 01 10 01 02 01 01 01 01 02 02 00 02 02 10 01 02 02 02 01 10 01 01 01 02 10 01 02 02 10 01 01 10 01 10 00 00 10 10 10 01 00 10 10 10 01 01 02 
01 02 10 02 10 00 10 02 02 10 10 01 02 01 10 01 01 01 01 10 01 00 01 10 01 02 02 01 02 02 01 01 02 02 02 01 02 10 01 10 02 02 10 02 10 01 01 02 10 02 02 01 10 02 01 02 01 02 02 01 02 02 01 02 02 02 01 02 10 02 02 02 01 10 10 01 01 01 02 02 
02 01 01 00 02 02 01 10 02 10 01 01 01 01 02 10 01 02 02 10 10 01 01 10 00 21 01 02 02 01 01 00 02 02 01 02 02 00 01 01 10 00 10 00 10 10 01 01 01 02 02 10 01 01 01 02 01 02 02 02 01 02 10 02 00 00 10 01 10 01 10 02 10 00 02 02 02 02 10 10 
10 10 01 01 02 10 10 01 10 01 02 02 10 01 01 10 10 01 02 10 10 10 02 01 02 01 10 10 02 02 10 10 01 10 10 02 10 02 10 01 10 01 00 02 00 10 10 01 10 10 01 10 02 01 01 01 02 01 00 02 01 10 02 01 10 10 10 01 00 01 01 01 02 02 01 01 01 02 00 02 
10 10 01 02 01 00 10 10 01 01 01 01 02 10 01 10 01 01 02 02 02 01 02 01 02 00 10 02 02 01 02 02 00 02 01 10 01 10 01 10 02 02 02 01 10 10 01 02 01 02 02 01 00 10 10 01 02 10 01 01 00 01 02 02 10 02 01 02 10 10 01 01 02 01 02 10 02 02 10 10 
10 01 02 02 10 02 02 01 01 10 02 02 01 01 02 02 02 10 02 10 01 02 10 01 11 10 00 01 02 10 01 00 10 02 01 01 10 01 01 10 01 02 02 10 02 10 02 01 02 00 02 02 02 01 02 02 01 02 10 10 02 10 10 02 01 10 01 10 00 02 10 01 02 10 01 02 02 01 02 01 
10 01 01 10 00 01 10 10 01 10 01 02 02 00 10 02 01 10 10 02 02 01 01 01 00 10 02 00 01 10 01 10 02 01 01 02 02 02 02 10 01 01 02 02 01 10 10 02 00 02 02 02 01 01 01 02 01 10 01 01 02 02 10 02 02 02 01 10 02 00 10 10 02 10 10 10 02 02 10 00 
01 10 02 02 01 10 10 01 02 02 10 00 10 01 10 10 10 02 02 01 01 10 10 01 02 01 01 01 02 01 02 01 00 10 02 01 10 10 02 01 01 00 01 00 01 02 00 10 02 10 02 02 01 01 02 01 10 10 02 01 02 02 01 10 02 10 01 02 02 10 02 10 02 10 02 01 02 10 10 10 
10 02 02 02 01 01 02 10 02 01 10 01 12 00 02 02 01 02 00 01 10 10 00 00 01 01 10 02 02 02 02 02 01 01 01 10 10 02 01 10 01 01 10 10 02 02 01 10 10 10 10 10 02 02 00 00 01 01 02 01 02 10 01 10 02 10 01 10 01 02 00 10 02 10 01 02 00 00 10 01 
10 02 10 10 10 10 10 01 01 00 02 01 10 02 01 01 01 02 01 10 01 12 01 10 01 10 00 12 10 10 10 10 00 10 01 10 02 10 01 10 01 10 00 02 01 02 02 00 10 10 01 01 01 10 01 02 00 10 02 02 01 01 00 10 10 10 02 10 02 01 01 01 01 10 01 02 10 02 00 10 
01 02 10 02 01 01 02 10 02 10 01 00 02 02 02 02 10 02 02 00 01 02 00 01 10 10 10 01 01 02 02 10 10 10 10 01 01 02 01 02 10 00 01 00 02 10 02 01 01 01 10 01 00 02 01 01 10 02 00 10 01 01 01 10 10 01 10 01 10 00 10 10 10 02 10 02 00 02 01 01 
10 02 10 01 02 01 02 10 02 02 10 02 02 10 10 00 10 02 10 01 02 01 02 01 00 01 02 01 00 10 10 02 01 02 01 00 01 02 02 00 10 10 01 01 01 10 10 10 02 01 02 00 01 00 10 01 01 01 02 02 01 01 10 02 02 01 02 10 01 01 10 01 02 02 02 00 10 02 01 00 
02 01 01 01 01 00 00 00 10 10 02 02 10 02 10 01 02 01 10 01 02 02 01 00 02 01 01 01 02 10 01 10 00 10 01 02 02 02 02 02 01 02 01 10 10 02 00 01 01 02 02 01 01 10 01 10 02 10 01 02 00 02 10 02 01 02 01 01 10 02 10 01 01 00 02 10 02 02 02 02 
01 02 01 02 01 02 01 01 02 10 02 01 01 02 10 01 02 10 10 02 02 10 01 02 01 10 10 10 02 10 02 02 02 10 10 01 02 10 10 01 10 02 01 02 02 02 02 02 10 00 10 00 12 10 02 02 02 02 01 10 02 02 10 01 10 02 10 02 10 01 01 02 11 01 00 01 10 10 10 02 
02 02 02 02 02 01 10 01 10 01 02 01 10 01 10 01 01 01 10 10 10 10 01 00 02 01 10 10 10 10 10 02 02 10 02 00 10 02 02 10 10 01 10 02 02 01 10 00 01 10 01 01 00 01 01 10 01 10 01 10 10 02 01 02 10 01 02 00 00 10 01 02 01 10 10 10 00 02 10 11 
02 10 10 10 02 10 02 11 10 02 00 10 01 02 10 02 02 12 10 02 10 02 01 10 02 00 02 10 10 01 01 02 02 10 01 00 01 02 02 02 10 01 10 01 10 10 10 02 01 00 01 02 01 10 01 02 02 02 02 02 00 01 00 01 10 01 10 02 01 01 10 10 02 01 02 01 02 02 10 02 
01 10 02 01 01 02 01 10 01 02 01 02 10 02 10 01 01 00 01 01 10 02 10 01 10 01 02 10 10 01 01 10 10 02 02 02 10 10 10 01 01 01 01 01 02 02 02 01 02 00 02 01 10 10 00 00 02 00 01 01 02 10 10 02 02 01 00 01 02 01 01 10 21 10 01 02 02 10 10 01 
02 01 01 01 01 10 02 01 01 01 02 01 02 02 00 10 10 10 11 01 02 02 02 02 01 01 00 10 01 02 02 00 10 10 01 10 01 01 10 01 00 10 01 10 10 01 01 01 02 00 02 02 02 02 10 01 01 02 02 01 10 10 01 10 02 01 00 00 02 01 00 00 02 10 02 01 10 10 01 01 
10 02 10 02 02 00 02 00 00 10 10 01 02 10 01 12 10 00 10 02 01 01 10 01 01 01 02 02 02 02 02 01 02 02 10 00 02 02 01 02 01 10 10 02 01 10 01 10 00 02 10 10 02 01 10 01 01 01 10 02 00 02 02 02 10 10 01 01 02 01 02 10 02 02 01 10 00 10 10 01 
10 01 02 10 10 02 01 02 10 01 01 01 01 02 10 10 10 10 02 01 01 02 02 10 02 02 01 00 01 10 01 10 01 01 01 10 00 10 00 10 00 01 01 00 10 02 10 01 02 02 02 01 10 10 02 10 02 10 02 10 02 01 02 01 01 02 01 01 10 01 00 10 02 10 02 01 01 02 10 02 
10 10 10 02 02 01 01 10 10 12 01 00 10 02 02 10 10 02 01 01 01 10 02 02 10 10 10 02 02 10 10 02 01 01 01 02 10 02 02 10 12 02 02 10 10 02 02 10 00 01 01 01 10 01 02 01 01 10 10 01 01 10 01 02 10 10 01 02 01 01 02 00 02 01 02 02 01 00 10 01 
10 10 02 02 01 02 11 12 10 02 01 10 00 01 01 02 01 01 01 01 10 02 01 01 00 02 10 02 02 00 10 10 01 10 01 10 10 01 02 02 02 00 01 02 01 00 00 10 01 02 00 02 10 02 02 02 01 10 01 01 10 01 02 02 10 01 02 10 01 02 02 10 01 10 10 01 01 00 01 01 
10 02 10 01 01 02 00 10 01 02 10 10 01 00 10 02 02 00 02 01 10 10 02 10 01 02 10 00 10 01 00 02 10 01 02 02 10 01 10 02 10 10 01 00 01 01 02 01 01 01 10 01 02 10 00 12 01 10 02 02 10 10 02 02 10 01 02 02 02 01 01 01 12 10 02 10 01 01 10 01 
01 01 10 10 10 01 01 01 10 02 01 01 01 01 10 01 10 01 10 01 02 01 10 01 02 10 10 01 02 02 02 01 02 01 01 10 02 00 10 01 10 02 10 02 02 02 02 02 10 02 01 02 02 10 01 02 10 10 01 02 10 10 10 10 01 01 10 10 00 10 01 02 02 02 02 00 10 01 10 10 
02 02 01 01 02 10 02 02 10 01 01 01 10 10 02 10 01 02 00 02 01 02 02 10 10 10 10 10 02 10 01 01 01 10 01 01 10 02 01 02 10 02 02 02 01 02 02 01 02 10 10 10 02 01 01 01 10 02 02 10 00 10 10 10 00 10 02 02 10 01 01 01 10 10 10 02 01 00 10 01 
02 01 02 10 02 10 10 01 02 02 01 10 02 10 10 10 10 10 00 02 02 01 10 01 10 01 10 01 01 02 01 02 02 01 01 10 10 02 10 02 02 02 10 10 02 02 02 10 02 10 02 01 10 10 10 00 10 01 10 02 02 02 10 10 02 01 10 02 01 01 01 10 10 10 02 01 01 10 10 02 
10 02 10 02 01 10 01 10 01 10 01 01 10 10 01 11 01 01 01 01 10 01 10 02 10 01 02 01 12 02 00 02 10 10 10 01 02 10 00 02 10 10 00 02 01 10 02 10 01 00 00 02 02 10 11 10 01 01 02 10 10 10 01 01 00 00 10 10 10 02 02 01 02 01 01 02 02 10 10 01 
